{
 "cells": [
  {
   "cell_type": "code",
   "execution_count": 31,
   "id": "2ece3847",
   "metadata": {},
   "outputs": [],
   "source": [
    "import pandas as pd\n",
    "import numpy as np\n",
    "from geopy import geocoders, Nominatim\n",
    "from geopy.distance import great_circle as GC  \n",
    "\n",
    "import json\n",
    "import requests\n",
    "import networkx as nx\n",
    "\n",
    "import random\n",
    "import itertools \n",
    "\n",
    "import plotly.graph_objects as go\n",
    "import plotly.express as px\n",
    "\n",
    "import folium\n",
    "import geopandas as gpd\n",
    "import earthpy as et"
   ]
  },
  {
   "cell_type": "markdown",
   "id": "b2b8910e",
   "metadata": {},
   "source": [
    "## 1) Import Coordinates from European Capitals:"
   ]
  },
  {
   "cell_type": "code",
   "execution_count": 32,
   "id": "1c5137f7",
   "metadata": {},
   "outputs": [
    {
     "name": "stdout",
     "output_type": "stream",
     "text": [
      "[{'city': 'Berlin', 'coord': (52.5186925, 13.3996024)}, {'city': 'Bielefeld', 'coord': (52.0191005, 8.531007)}, {'city': 'Bremen', 'coord': (53.0758196, 8.8071646)}, {'city': 'Dresden', 'coord': (51.0493286, 13.7381437)}, {'city': 'Duesseldorf', 'coord': (51.19077325, 6.793516713552313)}, {'city': 'Frankfurt', 'coord': (50.1106444, 8.6820917)}, {'city': 'Goettingen', 'coord': (51.50032665, 9.950655394459552)}, {'city': 'Hamburg', 'coord': (53.550341, 10.000654)}, {'city': 'Hannover', 'coord': (52.3744779, 9.7385532)}, {'city': 'Karlsruhe', 'coord': (49.0068705, 8.4034195)}, {'city': 'Kassel', 'coord': (51.3154546, 9.4924096)}, {'city': 'Munich', 'coord': (48.1371079, 11.5753822)}, {'city': 'Münster', 'coord': (51.9625101, 7.6251879)}, {'city': 'Osnabrueck', 'coord': (52.2733042, 8.0455442)}, {'city': 'Siegen', 'coord': (50.8749804, 8.0227233)}, {'city': 'Stuttgart', 'coord': (48.7784485, 9.1800132)}]\n"
     ]
    }
   ],
   "source": [
    "# Define list of cities:\n",
    "cities = [\n",
    "    'Berlin',\n",
    "    'Munich',\n",
    "    'Hamburg',\n",
    "    'Bielefeld',\n",
    "    'Münster',\n",
    "    'Stuttgart',\n",
    "    'Karlsruhe',\n",
    "    'Duesseldorf',\n",
    "    # 'Cologne',\n",
    "    'Osnabrueck',\n",
    "    'Frankfurt',\n",
    "    'Goettingen',\n",
    "    'Siegen',\n",
    "    'Kassel',\n",
    "    'Hannover',\n",
    "    'Bremen',\n",
    "    'Dresden'\n",
    "]\n",
    "\n",
    "# Sort list in alphabetical order:\n",
    "cities.sort()\n",
    "\n",
    "# Get coordinates and create list of cities including name and coordinates:\n",
    "geolocator = Nominatim(user_agent=\"TSP_GermanCities\")\n",
    "\n",
    "city_and_coords = []\n",
    "for city in cities:\n",
    "    \n",
    "    loc = geolocator.geocode(city)\n",
    "    \n",
    "    city_and_coords.append({\n",
    "        'city': city,\n",
    "        'coord': (loc.latitude,loc.longitude)\n",
    "    })\n",
    "    \n",
    "print(city_and_coords)"
   ]
  },
  {
   "cell_type": "markdown",
   "id": "0c306f20",
   "metadata": {},
   "source": [
    "## 2) Compute Distance Matrix"
   ]
  },
  {
   "cell_type": "code",
   "execution_count": 33,
   "id": "8690634b",
   "metadata": {},
   "outputs": [],
   "source": [
    "# create variable coords as a list containing only the coordinates as tuples\n",
    "coords = []\n",
    "for city in city_and_coords:\n",
    "    coords.append(city['coord'])\n",
    "\n",
    "def get_distance(point1: tuple, point2: tuple) -> int:\n",
    "\n",
    "    # air distance\n",
    "    dist = GC(point1, point2).km\n",
    "\n",
    "    return round(dist,4)\n",
    "\n",
    "\n",
    "def compute_dist_matrix(coords: list, city_names:list, verbose=False, format='DataFrame') -> pd.DataFrame:\n",
    "    # Create empty np-array:\n",
    "    dist_array = np.empty((len(coords),len(coords)))\n",
    "    \n",
    "    # Compute distances:\n",
    "    for i in range(0,len(coords)):\n",
    "        for j in range(0,len(coords)):\n",
    "            if i < j:\n",
    "                dist = get_distance(coords[i],coords[j])\n",
    "                \n",
    "                if verbose:\n",
    "                    print('Distance between: ' + city_names[i] + ' and ' + city_names[j] + ': ' + str(dist) +'km')\n",
    "\n",
    "                dist_array[i][j] = dist\n",
    "                dist_array[j][i] = dist\n",
    "\n",
    "            elif i == j:\n",
    "                dist_array[i][i] = 0\n",
    "                \n",
    "    # Create pandas distance matrix:\n",
    "    dist_array_df = pd.DataFrame(data=dist_array, index=city_names, columns=city_names)\n",
    "    \n",
    "    if format == 'NumpyArray':\n",
    "        return dist_array\n",
    "    else:\n",
    "        return dist_array_df"
   ]
  },
  {
   "cell_type": "code",
   "execution_count": 34,
   "outputs": [
    {
     "data": {
      "text/plain": "[(52.5186925, 13.3996024),\n (52.0191005, 8.531007),\n (53.0758196, 8.8071646),\n (51.0493286, 13.7381437),\n (51.19077325, 6.793516713552313),\n (50.1106444, 8.6820917),\n (51.50032665, 9.950655394459552),\n (53.550341, 10.000654),\n (52.3744779, 9.7385532),\n (49.0068705, 8.4034195),\n (51.3154546, 9.4924096),\n (48.1371079, 11.5753822),\n (51.9625101, 7.6251879),\n (52.2733042, 8.0455442),\n (50.8749804, 8.0227233),\n (48.7784485, 9.1800132)]"
     },
     "execution_count": 34,
     "metadata": {},
     "output_type": "execute_result"
    }
   ],
   "source": [
    "coords"
   ],
   "metadata": {
    "collapsed": false,
    "pycharm": {
     "name": "#%%\n"
    }
   }
  },
  {
   "cell_type": "code",
   "execution_count": 35,
   "id": "31548215",
   "metadata": {},
   "outputs": [
    {
     "data": {
      "text/plain": "               Berlin  Bielefeld    Bremen   Dresden  Duesseldorf  Frankfurt  \\\nBerlin         0.0000   335.8487  314.8566  165.0368     476.9274   423.1692   \nBielefeld    335.8487     0.0000  118.9762  375.8700     151.2603   212.4733   \nBremen       314.8566   118.9762    0.0000  405.3340     250.6272   329.8259   \nDresden      165.0368   375.8700  405.3340    0.0000     484.7826   371.8607   \nDuesseldorf  476.9274   151.2603  250.6272  484.7826       0.0000   179.3050   \nFrankfurt    423.1692   212.4733  329.8259  371.8607     179.3050     0.0000   \nGoettingen   261.7780   113.4624  191.6699  268.1632     221.9457   178.3879   \nHamburg      254.5455   196.8640   95.2370  376.6347     340.8797   393.0447   \nHannover     248.6129    91.2963  100.0783  312.4249     241.5640   262.2419   \nKarlsruhe    525.0843   335.0665  453.3248  443.4585     268.6039   124.3690   \nKassel       299.4648   102.5557  201.2363  297.3691     188.3294   145.6095   \nMunich       504.0817   483.1370  582.7572  359.3530     483.2822   304.0686   \nMünster      397.9020    62.3418  147.3759  434.9571     103.2794   218.7715   \nOsnabrueck   364.2186    43.5460  102.9542  415.4325     148.0627   244.5315   \nSiegen       413.0609   132.0060  250.5474  400.6443      92.8500    96.9473   \nStuttgart    511.1601   363.2648  478.5587  412.5242     317.8697   152.4439   \n\n             Goettingen   Hamburg  Hannover  Karlsruhe    Kassel    Munich  \\\nBerlin         261.7780  254.5455  248.6129   525.0843  299.4648  504.0817   \nBielefeld      113.4624  196.8640   91.2963   335.0665  102.5557  483.1370   \nBremen         191.6699   95.2370  100.0783   453.3248  201.2363  582.7572   \nDresden        268.1632  376.6347  312.4249   443.4585  297.3691  359.3530   \nDuesseldorf    221.9457  340.8797  241.5640   268.6039  188.3294  483.2822   \nFrankfurt      178.3879  393.0447  262.2419   124.3690  145.6095  304.0686   \nGoettingen       0.0000  227.9766   98.2827   298.2673   37.8524  391.6918   \nHamburg        227.9766    0.0000  131.9231   517.2468  250.8839  611.9540   \nHannover        98.2827  131.9231    0.0000   386.0734  118.9658  488.8929   \nKarlsruhe      298.2673  517.2468  386.0734     0.0000  268.1601  252.5986   \nKassel          37.8524  250.8839  118.9658   268.1601    0.0000  383.7837   \nMunich         391.6918  611.9540  488.8929   252.5986  383.7837    0.0000   \nMünster        168.1866  238.1501  151.2305   333.2275  147.5756  510.2079   \nOsnabrueck     156.4636  193.2511  115.6064   364.0858  145.7515  523.9108   \nSiegen         151.2849  326.5553  204.5120   209.5027  113.7185  398.0092   \nStuttgart      307.5973  533.6776  401.7978    62.1970  282.9824  190.4797   \n\n              Münster  Osnabrueck    Siegen  Stuttgart  \nBerlin       397.9020    364.2186  413.0609   511.1601  \nBielefeld     62.3418     43.5460  132.0060   363.2648  \nBremen       147.3759    102.9542  250.5474   478.5587  \nDresden      434.9571    415.4325  400.6443   412.5242  \nDuesseldorf  103.2794    148.0627   92.8500   317.8697  \nFrankfurt    218.7715    244.5315   96.9473   152.4439  \nGoettingen   168.1866    156.4636  151.2849   307.5973  \nHamburg      238.1501    193.2511  326.5553   533.6776  \nHannover     151.2305    115.6064  204.5120   401.7978  \nKarlsruhe    333.2275    364.0858  209.5027    62.1970  \nKassel       147.5756    145.7515  113.7185   282.9824  \nMunich       510.2079    523.9108  398.0092   190.4797  \nMünster        0.0000     44.9227  124.0297   370.8039  \nOsnabrueck    44.9227      0.0000  155.4947   396.7855  \nSiegen       124.0297    155.4947    0.0000   247.4553  \nStuttgart    370.8039    396.7855  247.4553     0.0000  ",
      "text/html": "<div>\n<style scoped>\n    .dataframe tbody tr th:only-of-type {\n        vertical-align: middle;\n    }\n\n    .dataframe tbody tr th {\n        vertical-align: top;\n    }\n\n    .dataframe thead th {\n        text-align: right;\n    }\n</style>\n<table border=\"1\" class=\"dataframe\">\n  <thead>\n    <tr style=\"text-align: right;\">\n      <th></th>\n      <th>Berlin</th>\n      <th>Bielefeld</th>\n      <th>Bremen</th>\n      <th>Dresden</th>\n      <th>Duesseldorf</th>\n      <th>Frankfurt</th>\n      <th>Goettingen</th>\n      <th>Hamburg</th>\n      <th>Hannover</th>\n      <th>Karlsruhe</th>\n      <th>Kassel</th>\n      <th>Munich</th>\n      <th>Münster</th>\n      <th>Osnabrueck</th>\n      <th>Siegen</th>\n      <th>Stuttgart</th>\n    </tr>\n  </thead>\n  <tbody>\n    <tr>\n      <th>Berlin</th>\n      <td>0.0000</td>\n      <td>335.8487</td>\n      <td>314.8566</td>\n      <td>165.0368</td>\n      <td>476.9274</td>\n      <td>423.1692</td>\n      <td>261.7780</td>\n      <td>254.5455</td>\n      <td>248.6129</td>\n      <td>525.0843</td>\n      <td>299.4648</td>\n      <td>504.0817</td>\n      <td>397.9020</td>\n      <td>364.2186</td>\n      <td>413.0609</td>\n      <td>511.1601</td>\n    </tr>\n    <tr>\n      <th>Bielefeld</th>\n      <td>335.8487</td>\n      <td>0.0000</td>\n      <td>118.9762</td>\n      <td>375.8700</td>\n      <td>151.2603</td>\n      <td>212.4733</td>\n      <td>113.4624</td>\n      <td>196.8640</td>\n      <td>91.2963</td>\n      <td>335.0665</td>\n      <td>102.5557</td>\n      <td>483.1370</td>\n      <td>62.3418</td>\n      <td>43.5460</td>\n      <td>132.0060</td>\n      <td>363.2648</td>\n    </tr>\n    <tr>\n      <th>Bremen</th>\n      <td>314.8566</td>\n      <td>118.9762</td>\n      <td>0.0000</td>\n      <td>405.3340</td>\n      <td>250.6272</td>\n      <td>329.8259</td>\n      <td>191.6699</td>\n      <td>95.2370</td>\n      <td>100.0783</td>\n      <td>453.3248</td>\n      <td>201.2363</td>\n      <td>582.7572</td>\n      <td>147.3759</td>\n      <td>102.9542</td>\n      <td>250.5474</td>\n      <td>478.5587</td>\n    </tr>\n    <tr>\n      <th>Dresden</th>\n      <td>165.0368</td>\n      <td>375.8700</td>\n      <td>405.3340</td>\n      <td>0.0000</td>\n      <td>484.7826</td>\n      <td>371.8607</td>\n      <td>268.1632</td>\n      <td>376.6347</td>\n      <td>312.4249</td>\n      <td>443.4585</td>\n      <td>297.3691</td>\n      <td>359.3530</td>\n      <td>434.9571</td>\n      <td>415.4325</td>\n      <td>400.6443</td>\n      <td>412.5242</td>\n    </tr>\n    <tr>\n      <th>Duesseldorf</th>\n      <td>476.9274</td>\n      <td>151.2603</td>\n      <td>250.6272</td>\n      <td>484.7826</td>\n      <td>0.0000</td>\n      <td>179.3050</td>\n      <td>221.9457</td>\n      <td>340.8797</td>\n      <td>241.5640</td>\n      <td>268.6039</td>\n      <td>188.3294</td>\n      <td>483.2822</td>\n      <td>103.2794</td>\n      <td>148.0627</td>\n      <td>92.8500</td>\n      <td>317.8697</td>\n    </tr>\n    <tr>\n      <th>Frankfurt</th>\n      <td>423.1692</td>\n      <td>212.4733</td>\n      <td>329.8259</td>\n      <td>371.8607</td>\n      <td>179.3050</td>\n      <td>0.0000</td>\n      <td>178.3879</td>\n      <td>393.0447</td>\n      <td>262.2419</td>\n      <td>124.3690</td>\n      <td>145.6095</td>\n      <td>304.0686</td>\n      <td>218.7715</td>\n      <td>244.5315</td>\n      <td>96.9473</td>\n      <td>152.4439</td>\n    </tr>\n    <tr>\n      <th>Goettingen</th>\n      <td>261.7780</td>\n      <td>113.4624</td>\n      <td>191.6699</td>\n      <td>268.1632</td>\n      <td>221.9457</td>\n      <td>178.3879</td>\n      <td>0.0000</td>\n      <td>227.9766</td>\n      <td>98.2827</td>\n      <td>298.2673</td>\n      <td>37.8524</td>\n      <td>391.6918</td>\n      <td>168.1866</td>\n      <td>156.4636</td>\n      <td>151.2849</td>\n      <td>307.5973</td>\n    </tr>\n    <tr>\n      <th>Hamburg</th>\n      <td>254.5455</td>\n      <td>196.8640</td>\n      <td>95.2370</td>\n      <td>376.6347</td>\n      <td>340.8797</td>\n      <td>393.0447</td>\n      <td>227.9766</td>\n      <td>0.0000</td>\n      <td>131.9231</td>\n      <td>517.2468</td>\n      <td>250.8839</td>\n      <td>611.9540</td>\n      <td>238.1501</td>\n      <td>193.2511</td>\n      <td>326.5553</td>\n      <td>533.6776</td>\n    </tr>\n    <tr>\n      <th>Hannover</th>\n      <td>248.6129</td>\n      <td>91.2963</td>\n      <td>100.0783</td>\n      <td>312.4249</td>\n      <td>241.5640</td>\n      <td>262.2419</td>\n      <td>98.2827</td>\n      <td>131.9231</td>\n      <td>0.0000</td>\n      <td>386.0734</td>\n      <td>118.9658</td>\n      <td>488.8929</td>\n      <td>151.2305</td>\n      <td>115.6064</td>\n      <td>204.5120</td>\n      <td>401.7978</td>\n    </tr>\n    <tr>\n      <th>Karlsruhe</th>\n      <td>525.0843</td>\n      <td>335.0665</td>\n      <td>453.3248</td>\n      <td>443.4585</td>\n      <td>268.6039</td>\n      <td>124.3690</td>\n      <td>298.2673</td>\n      <td>517.2468</td>\n      <td>386.0734</td>\n      <td>0.0000</td>\n      <td>268.1601</td>\n      <td>252.5986</td>\n      <td>333.2275</td>\n      <td>364.0858</td>\n      <td>209.5027</td>\n      <td>62.1970</td>\n    </tr>\n    <tr>\n      <th>Kassel</th>\n      <td>299.4648</td>\n      <td>102.5557</td>\n      <td>201.2363</td>\n      <td>297.3691</td>\n      <td>188.3294</td>\n      <td>145.6095</td>\n      <td>37.8524</td>\n      <td>250.8839</td>\n      <td>118.9658</td>\n      <td>268.1601</td>\n      <td>0.0000</td>\n      <td>383.7837</td>\n      <td>147.5756</td>\n      <td>145.7515</td>\n      <td>113.7185</td>\n      <td>282.9824</td>\n    </tr>\n    <tr>\n      <th>Munich</th>\n      <td>504.0817</td>\n      <td>483.1370</td>\n      <td>582.7572</td>\n      <td>359.3530</td>\n      <td>483.2822</td>\n      <td>304.0686</td>\n      <td>391.6918</td>\n      <td>611.9540</td>\n      <td>488.8929</td>\n      <td>252.5986</td>\n      <td>383.7837</td>\n      <td>0.0000</td>\n      <td>510.2079</td>\n      <td>523.9108</td>\n      <td>398.0092</td>\n      <td>190.4797</td>\n    </tr>\n    <tr>\n      <th>Münster</th>\n      <td>397.9020</td>\n      <td>62.3418</td>\n      <td>147.3759</td>\n      <td>434.9571</td>\n      <td>103.2794</td>\n      <td>218.7715</td>\n      <td>168.1866</td>\n      <td>238.1501</td>\n      <td>151.2305</td>\n      <td>333.2275</td>\n      <td>147.5756</td>\n      <td>510.2079</td>\n      <td>0.0000</td>\n      <td>44.9227</td>\n      <td>124.0297</td>\n      <td>370.8039</td>\n    </tr>\n    <tr>\n      <th>Osnabrueck</th>\n      <td>364.2186</td>\n      <td>43.5460</td>\n      <td>102.9542</td>\n      <td>415.4325</td>\n      <td>148.0627</td>\n      <td>244.5315</td>\n      <td>156.4636</td>\n      <td>193.2511</td>\n      <td>115.6064</td>\n      <td>364.0858</td>\n      <td>145.7515</td>\n      <td>523.9108</td>\n      <td>44.9227</td>\n      <td>0.0000</td>\n      <td>155.4947</td>\n      <td>396.7855</td>\n    </tr>\n    <tr>\n      <th>Siegen</th>\n      <td>413.0609</td>\n      <td>132.0060</td>\n      <td>250.5474</td>\n      <td>400.6443</td>\n      <td>92.8500</td>\n      <td>96.9473</td>\n      <td>151.2849</td>\n      <td>326.5553</td>\n      <td>204.5120</td>\n      <td>209.5027</td>\n      <td>113.7185</td>\n      <td>398.0092</td>\n      <td>124.0297</td>\n      <td>155.4947</td>\n      <td>0.0000</td>\n      <td>247.4553</td>\n    </tr>\n    <tr>\n      <th>Stuttgart</th>\n      <td>511.1601</td>\n      <td>363.2648</td>\n      <td>478.5587</td>\n      <td>412.5242</td>\n      <td>317.8697</td>\n      <td>152.4439</td>\n      <td>307.5973</td>\n      <td>533.6776</td>\n      <td>401.7978</td>\n      <td>62.1970</td>\n      <td>282.9824</td>\n      <td>190.4797</td>\n      <td>370.8039</td>\n      <td>396.7855</td>\n      <td>247.4553</td>\n      <td>0.0000</td>\n    </tr>\n  </tbody>\n</table>\n</div>"
     },
     "execution_count": 35,
     "metadata": {},
     "output_type": "execute_result"
    }
   ],
   "source": [
    "# create distance matrix with two different formats: np.Array and pd.DataFrame\n",
    "dist_matrix_np = compute_dist_matrix(coords,cities,verbose=False, format='NumpyArray')\n",
    "dist_matrix_df = compute_dist_matrix(coords,cities,verbose=False, format='DataFrame')\n",
    "\n",
    "# create dictionary to convert from index to city and vice versa:\n",
    "index_to_city = {}\n",
    "city_to_index = {}\n",
    "for i,city in zip(range(0,len(cities)),cities):\n",
    "    index_to_city[i] = city\n",
    "    city_to_index[city] = i\n",
    "    \n",
    "\n",
    "# print dist matrix:\n",
    "dist_matrix_df"
   ]
  },
  {
   "cell_type": "markdown",
   "id": "5cbe3063",
   "metadata": {},
   "source": [
    "### Add helper functions:"
   ]
  },
  {
   "cell_type": "code",
   "execution_count": 36,
   "id": "1cbdde45",
   "metadata": {},
   "outputs": [],
   "source": [
    "def get_length_of_route(dist_matrix:np.array, route: list) -> int:\n",
    "    length = 0\n",
    "    \n",
    "    # iterate over cities in route (start with 1 because index for origin is i-1):\n",
    "    for i in range(1,len(route)):\n",
    "        origin = route[i-1]\n",
    "        dest = route[i]\n",
    "\n",
    "        length += dist_matrix[origin][dest]\n",
    "        \n",
    "    # add last trip from starting_point to last destination:\n",
    "    length += dist_matrix[route[0]][route[len(route)-1]]\n",
    "    \n",
    "    return length\n",
    "        "
   ]
  },
  {
   "cell_type": "code",
   "execution_count": 37,
   "id": "3c2b6a4f",
   "metadata": {},
   "outputs": [],
   "source": [
    "def swap_position_of_two_elements_in_list(list, pos1, pos2):\n",
    "    \n",
    "    copy = list.copy()\n",
    "    \n",
    "    copy[pos1], copy[pos2] = copy[pos2], copy[pos1]\n",
    "    \n",
    "    return copy"
   ]
  },
  {
   "cell_type": "code",
   "execution_count": 38,
   "outputs": [],
   "source": [
    "def adjust_start_idx_to_front(route, start_idx):\n",
    "\n",
    "    # find index of start city:\n",
    "    idx = route.index(start_idx)\n",
    "\n",
    "    # get all elements from desired index until the end of the list\n",
    "    first_part = route[idx:len(route)]\n",
    "    # get all elements from the beginning of the list until one element before the desired index\n",
    "    second_part = route[0:idx]\n",
    "\n",
    "    # glue both parts together\n",
    "    result = first_part+second_part\n",
    "\n",
    "    return result"
   ],
   "metadata": {
    "collapsed": false,
    "pycharm": {
     "name": "#%%\n"
    }
   }
  },
  {
   "cell_type": "code",
   "execution_count": 39,
   "id": "d11f5577",
   "metadata": {},
   "outputs": [],
   "source": [
    "def map_city_names_to_route(route_indices:list, names_dict:dict, type='list_with_names') -> list:\n",
    "    \n",
    "    route_with_names = []\n",
    "    \n",
    "    if type == 'list_with_names':\n",
    "        for idx in route_indices:\n",
    "            route_with_names.append(names_dict[idx])\n",
    "\n",
    "        return route_with_names\n",
    "    \n",
    "    elif type == 'list_with_names_and_idx':\n",
    "        for idx in route_indices:\n",
    "            route_with_names.append({\n",
    "                'name': names_dict[idx],\n",
    "                'idx': idx\n",
    "            })\n",
    "\n",
    "        return route_with_names\n",
    "    \n",
    "    else:\n",
    "        raise ValueError('unknown return type passed')\n",
    "    \n",
    "        \n",
    "    "
   ]
  },
  {
   "cell_type": "markdown",
   "id": "f3d9f529",
   "metadata": {},
   "source": [
    "## 3) Traveling Salesman Algorithms:"
   ]
  },
  {
   "cell_type": "markdown",
   "id": "11a70419",
   "metadata": {},
   "source": [
    "### Randomized Approach:\n",
    "Idea: Create random routes and choose the best route out of a predefined number of attempts."
   ]
  },
  {
   "cell_type": "code",
   "execution_count": 40,
   "id": "7604b2dc",
   "metadata": {},
   "outputs": [],
   "source": [
    "def random_algorithm(dist_matrix:np.array, start_idx=-1, n_iter=100, verbose=True) -> list:\n",
    "    \n",
    "    # initialize best route and length\n",
    "    best_route = []\n",
    "    best_length = float('inf')\n",
    "    \n",
    "    # get number of cities:\n",
    "    n_cities = len(cities)\n",
    "    \n",
    "    # set random starting point if nothing was passed:\n",
    "    if start_idx == -1:\n",
    "        start_idx = random.randint(0,n_cities-1)\n",
    "        \n",
    "    for i in range(0,n_iter):\n",
    "        \n",
    "        # random route\n",
    "        route = list(np.random.permutation(n_cities))\n",
    "        \n",
    "        # get index of starting point city:\n",
    "        idx = route.index(start_idx)\n",
    "        \n",
    "        # swap starting point city to beginning:\n",
    "        route = swap_position_of_two_elements_in_list(route, 0, idx)\n",
    "        \n",
    "        # compute distance:\n",
    "        dist = get_length_of_route(dist_matrix, route)\n",
    "        \n",
    "        # keep if better than previous attempts:\n",
    "        if dist < best_length:\n",
    "            best_route = route\n",
    "            best_length = dist\n",
    "            \n",
    "            if verbose:\n",
    "                print('New best_length: ' + str(dist))\n",
    "            \n",
    "    return best_route"
   ]
  },
  {
   "cell_type": "markdown",
   "id": "6fafb2c6",
   "metadata": {},
   "source": [
    "### Greedy approach\n",
    "Idea: Always proceed to the closest next city"
   ]
  },
  {
   "cell_type": "code",
   "execution_count": 41,
   "id": "8189765e",
   "metadata": {},
   "outputs": [],
   "source": [
    "def greedy_algorithm(dist_matrix:np.array, start_idx=-1) -> list:\n",
    "    \n",
    "    # initialize route\n",
    "    route = []\n",
    "    # get number of cities:\n",
    "    n_cities = len(cities)\n",
    "    # initialize remaining cities:\n",
    "    cities_remaining = list(range(0,n_cities))\n",
    "    \n",
    "    \n",
    "    # set random starting point if nothing was passed:\n",
    "    if start_idx == -1:\n",
    "        start_idx = random.randint(0,n_cities-1)\n",
    "    \n",
    "    # add starting point to route:\n",
    "    route.append(start_idx)\n",
    "    # remove starting point from remaining cities:\n",
    "    cities_remaining.remove(start_idx)\n",
    "    \n",
    "\n",
    "    # add cities to route until every city is added:\n",
    "    while cities_remaining:\n",
    "        \n",
    "        # get city that was added last:\n",
    "        idx_added_prev = route[-1]\n",
    "\n",
    "        # initialize min_distance\n",
    "        idx_closest_city = cities_remaining[0]\n",
    "        min_dist = dist_matrix_np[idx_closest_city][idx_added_prev]\n",
    "                \n",
    "        # find closest city to cities in remaining cities:\n",
    "        for city_idx in cities_remaining:\n",
    "            dist = dist_matrix_np[city_idx][idx_added_prev]\n",
    "            \n",
    "            if dist <= min_dist:\n",
    "                min_dist = dist\n",
    "                idx_closest_city = city_idx\n",
    "    \n",
    "        # add city to route and remove it from remaining cities:\n",
    "        route.append(idx_closest_city)\n",
    "        cities_remaining.remove(idx_closest_city)\n",
    "    \n",
    "    return route\n",
    "    "
   ]
  },
  {
   "cell_type": "markdown",
   "id": "11c04ed6",
   "metadata": {},
   "source": [
    "### 2-opt swap: \n",
    "Idea: Start with random route. Then optimize intermediate result by exchanging order of two cities if the overall result is improved."
   ]
  },
  {
   "cell_type": "code",
   "execution_count": 42,
   "id": "a6fc016c",
   "metadata": {},
   "outputs": [],
   "source": [
    "def opt2_algorithm(dist_matrix:np.array, n_iter=1000, max_rounds=10**6, verbose=False, start_idx=-1) -> list:\n",
    "    \n",
    "    # Get number of cities:\n",
    "    n_cities = len(cities)\n",
    "    \n",
    "    # initialize best attempts:\n",
    "    best_route = list(np.random.permutation(n_cities))\n",
    "\n",
    "    # initialize best length:\n",
    "    best_length = get_length_of_route(dist_matrix, best_route)\n",
    "\n",
    "    \n",
    "    # n_iter attempts:\n",
    "    for t in range(0,n_iter):\n",
    "    \n",
    "        # initialize route with random permutation:\n",
    "        route = list(np.random.permutation(n_cities))\n",
    "\n",
    "        # swap start_idx city with other city:\n",
    "        if start_idx != -1:\n",
    "            # get position of start city in list:\n",
    "            pos_start_city = best_route.index(start_idx)\n",
    "\n",
    "        # initialize route_length:\n",
    "        route_length = get_length_of_route(dist_matrix, route)\n",
    "\n",
    "        # variable that keeps track if swapping order of two cities led to an improvement:\n",
    "        improvement = True\n",
    "        # variable that counts number of rounds:\n",
    "        swap_round = 0\n",
    "\n",
    "        while improvement and swap_round < max_rounds:\n",
    "            # at each round start by setting\n",
    "            improvement = False\n",
    "\n",
    "            # iterate over cities:\n",
    "            for i in range(0,n_cities):\n",
    "                for j in range(i,n_cities):\n",
    "\n",
    "                    # swap two elements:\n",
    "                    potential_new_route = swap_position_of_two_elements_in_list(route,i,j)\n",
    "\n",
    "                    # compute new distance:\n",
    "                    potential_new_distance = get_length_of_route(dist_matrix, potential_new_route)\n",
    "\n",
    "                    # check if improvement:\n",
    "                    if potential_new_distance < route_length:\n",
    "\n",
    "                        # print('Improvement by ' + str(route_length - potential_new_distance))\n",
    "                        # print('New distance: ' + str(potential_new_distance))\n",
    "\n",
    "                        # set boolean flag to true:\n",
    "                        improvement = True\n",
    "\n",
    "                        # update route and route_length:\n",
    "                        route = potential_new_route\n",
    "                        route_length = potential_new_distance\n",
    "\n",
    "            # count number of rounds:\n",
    "            swap_round += 1\n",
    "                    \n",
    "        if route_length < best_length:\n",
    "            best_route = route\n",
    "            best_length = route_length\n",
    "        \n",
    "        # Print progress if verbose is set to true\n",
    "        if verbose:\n",
    "            perc_completed = (t+1)/n_iter*100\n",
    "            \n",
    "            if perc_completed % 10 == 0:\n",
    "                print(str(perc_completed)+'% completed.')\n",
    "\n",
    "    # swap start index to front:\n",
    "    best_route = adjust_start_idx_to_front(best_route, start_idx)\n",
    "\n",
    "    return best_route\n"
   ]
  },
  {
   "cell_type": "code",
   "execution_count": 43,
   "outputs": [],
   "source": [
    "def opt2_swap(dist_matrix:np.array, n_iter=1000, max_rounds=10**6) -> list:\n",
    "\n",
    "    # Get number of cities:\n",
    "    n_cities = len(cities)\n",
    "\n",
    "    # initialize best attempts:\n",
    "    best_route = list(np.random.permutation(n_cities))\n",
    "\n",
    "    # initialize best length:\n",
    "    best_length = get_length_of_route(dist_matrix, best_route)\n",
    "\n",
    "\n",
    "    # n_iter attempts:\n",
    "    for t in range(0,n_iter):\n",
    "\n",
    "        # initialize route with random permutation:\n",
    "        route = list(np.random.permutation(n_cities))\n",
    "\n",
    "        # swap start_idx city with other city:\n",
    "        if start_idx != -1:\n",
    "            # get position of start city in list:\n",
    "            pos_start_city = best_route.index(start_idx)\n",
    "\n",
    "        # initialize route_length:\n",
    "        route_length = get_length_of_route(dist_matrix, route)\n",
    "\n",
    "        # variable that keeps track if swapping order of two cities led to an improvement:\n",
    "        improvement = True\n",
    "        # variable that counts number of rounds:\n",
    "        swap_round = 0\n",
    "\n",
    "        while improvement and swap_round < max_rounds:\n",
    "            # at each round start by setting\n",
    "            improvement = False\n",
    "\n",
    "            # iterate over cities:\n",
    "            for i in range(0,n_cities):\n",
    "                for j in range(i,n_cities):\n",
    "\n",
    "                    # swap two elements:\n",
    "                    potential_new_route = swap_position_of_two_elements_in_list(route,i,j)\n",
    "\n",
    "                    # compute new distance:\n",
    "                    potential_new_distance = get_length_of_route(dist_matrix, potential_new_route)\n",
    "\n",
    "                    # check if improvement:\n",
    "                    if potential_new_distance < route_length:\n",
    "\n",
    "                        # print('Improvement by ' + str(route_length - potential_new_distance))\n",
    "                        # print('New distance: ' + str(potential_new_distance))\n",
    "\n",
    "                        # set boolean flag to true:\n",
    "                        improvement = True\n",
    "\n",
    "                        # update route and route_length:\n",
    "                        route = potential_new_route\n",
    "                        route_length = potential_new_distance\n",
    "\n",
    "            # count number of rounds:\n",
    "            swap_round += 1\n",
    "\n",
    "        if route_length < best_length:\n",
    "            best_route = route\n",
    "            best_length = route_length\n",
    "\n",
    "        # Print progress if verbose is set to true\n",
    "        if verbose:\n",
    "            perc_completed = (t+1)/n_iter*100\n",
    "\n",
    "            if perc_completed % 10 == 0:\n",
    "                print(str(perc_completed)+'% completed.')\n",
    "\n",
    "    # swap start index to front:\n",
    "    best_route = adjust_start_idx_to_front(best_route, start_idx)\n",
    "\n",
    "    return best_route\n"
   ],
   "metadata": {
    "collapsed": false,
    "pycharm": {
     "name": "#%%\n"
    }
   }
  },
  {
   "cell_type": "code",
   "execution_count": 44,
   "outputs": [],
   "source": [
    "# Set starting city:\n",
    "starting_city = 'Münster'\n",
    "# Get index of starting city:\n",
    "start_city_idx = dist_matrix_df.columns.get_loc(starting_city)"
   ],
   "metadata": {
    "collapsed": false,
    "pycharm": {
     "name": "#%%\n"
    }
   }
  },
  {
   "cell_type": "code",
   "execution_count": 45,
   "id": "e2c64416",
   "metadata": {},
   "outputs": [
    {
     "name": "stdout",
     "output_type": "stream",
     "text": [
      "New best_length: 4647.835999999999\n"
     ]
    },
    {
     "data": {
      "text/plain": "4647.835999999999"
     },
     "execution_count": 45,
     "metadata": {},
     "output_type": "execute_result"
    }
   ],
   "source": [
    "random_route = random_algorithm(dist_matrix_np, n_iter=1, verbose=True, start_idx=start_city_idx)\n",
    "\n",
    "get_length_of_route(dist_matrix_np, random_route)"
   ]
  },
  {
   "cell_type": "code",
   "execution_count": 46,
   "id": "1d08b850",
   "metadata": {},
   "outputs": [
    {
     "data": {
      "text/plain": "2100.3675000000003"
     },
     "execution_count": 46,
     "metadata": {},
     "output_type": "execute_result"
    }
   ],
   "source": [
    "greedy_route = greedy_algorithm(dist_matrix_np, start_idx=start_city_idx)\n",
    "\n",
    "get_length_of_route(dist_matrix_np, greedy_route)"
   ]
  },
  {
   "cell_type": "code",
   "execution_count": 47,
   "id": "ed072831",
   "metadata": {},
   "outputs": [
    {
     "data": {
      "text/plain": "1971.5324999999998"
     },
     "execution_count": 47,
     "metadata": {},
     "output_type": "execute_result"
    }
   ],
   "source": [
    "opt2_route = opt2_algorithm(dist_matrix_np, verbose=False, start_idx=start_city_idx)\n",
    "\n",
    "get_length_of_route(dist_matrix_np, opt2_route)"
   ]
  },
  {
   "cell_type": "code",
   "execution_count": 62,
   "id": "d0e70247",
   "metadata": {},
   "outputs": [],
   "source": [
    "route = greedy_route"
   ]
  },
  {
   "cell_type": "markdown",
   "id": "fc2aad0f",
   "metadata": {},
   "source": [
    "## 4) Visualization"
   ]
  },
  {
   "cell_type": "code",
   "execution_count": 63,
   "id": "5e2c1132",
   "metadata": {},
   "outputs": [
    {
     "data": {
      "text/plain": "           city        lon        lat\n0       Münster  51.962510   7.625188\n1    Osnabrueck  52.273304   8.045544\n2     Bielefeld  52.019101   8.531007\n3      Hannover  52.374478   9.738553\n4    Goettingen  51.500327   9.950655\n5        Kassel  51.315455   9.492410\n6        Siegen  50.874980   8.022723\n7   Duesseldorf  51.190773   6.793517\n8     Frankfurt  50.110644   8.682092\n9     Karlsruhe  49.006870   8.403420\n10    Stuttgart  48.778449   9.180013\n11       Munich  48.137108  11.575382\n12      Dresden  51.049329  13.738144\n13       Berlin  52.518693  13.399602\n14      Hamburg  53.550341  10.000654\n15       Bremen  53.075820   8.807165",
      "text/html": "<div>\n<style scoped>\n    .dataframe tbody tr th:only-of-type {\n        vertical-align: middle;\n    }\n\n    .dataframe tbody tr th {\n        vertical-align: top;\n    }\n\n    .dataframe thead th {\n        text-align: right;\n    }\n</style>\n<table border=\"1\" class=\"dataframe\">\n  <thead>\n    <tr style=\"text-align: right;\">\n      <th></th>\n      <th>city</th>\n      <th>lon</th>\n      <th>lat</th>\n    </tr>\n  </thead>\n  <tbody>\n    <tr>\n      <th>0</th>\n      <td>Münster</td>\n      <td>51.962510</td>\n      <td>7.625188</td>\n    </tr>\n    <tr>\n      <th>1</th>\n      <td>Osnabrueck</td>\n      <td>52.273304</td>\n      <td>8.045544</td>\n    </tr>\n    <tr>\n      <th>2</th>\n      <td>Bielefeld</td>\n      <td>52.019101</td>\n      <td>8.531007</td>\n    </tr>\n    <tr>\n      <th>3</th>\n      <td>Hannover</td>\n      <td>52.374478</td>\n      <td>9.738553</td>\n    </tr>\n    <tr>\n      <th>4</th>\n      <td>Goettingen</td>\n      <td>51.500327</td>\n      <td>9.950655</td>\n    </tr>\n    <tr>\n      <th>5</th>\n      <td>Kassel</td>\n      <td>51.315455</td>\n      <td>9.492410</td>\n    </tr>\n    <tr>\n      <th>6</th>\n      <td>Siegen</td>\n      <td>50.874980</td>\n      <td>8.022723</td>\n    </tr>\n    <tr>\n      <th>7</th>\n      <td>Duesseldorf</td>\n      <td>51.190773</td>\n      <td>6.793517</td>\n    </tr>\n    <tr>\n      <th>8</th>\n      <td>Frankfurt</td>\n      <td>50.110644</td>\n      <td>8.682092</td>\n    </tr>\n    <tr>\n      <th>9</th>\n      <td>Karlsruhe</td>\n      <td>49.006870</td>\n      <td>8.403420</td>\n    </tr>\n    <tr>\n      <th>10</th>\n      <td>Stuttgart</td>\n      <td>48.778449</td>\n      <td>9.180013</td>\n    </tr>\n    <tr>\n      <th>11</th>\n      <td>Munich</td>\n      <td>48.137108</td>\n      <td>11.575382</td>\n    </tr>\n    <tr>\n      <th>12</th>\n      <td>Dresden</td>\n      <td>51.049329</td>\n      <td>13.738144</td>\n    </tr>\n    <tr>\n      <th>13</th>\n      <td>Berlin</td>\n      <td>52.518693</td>\n      <td>13.399602</td>\n    </tr>\n    <tr>\n      <th>14</th>\n      <td>Hamburg</td>\n      <td>53.550341</td>\n      <td>10.000654</td>\n    </tr>\n    <tr>\n      <th>15</th>\n      <td>Bremen</td>\n      <td>53.075820</td>\n      <td>8.807165</td>\n    </tr>\n  </tbody>\n</table>\n</div>"
     },
     "execution_count": 63,
     "metadata": {},
     "output_type": "execute_result"
    }
   ],
   "source": [
    "# Create DataFrame in desired format:\n",
    "# city, lat, lon\n",
    "route_dict_inside_list = []\n",
    "\n",
    "for idx in route:\n",
    "    route_dict_inside_list.append({\n",
    "        'city':city_and_coords[idx]['city'],\n",
    "        'lon':city_and_coords[idx]['coord'][0],\n",
    "        'lat':city_and_coords[idx]['coord'][1],\n",
    "    })\n",
    "    \n",
    "path_df = pd.DataFrame(route_dict_inside_list)\n",
    "\n",
    "path_df"
   ]
  },
  {
   "cell_type": "markdown",
   "source": [],
   "metadata": {
    "collapsed": false
   }
  },
  {
   "cell_type": "code",
   "execution_count": 64,
   "outputs": [],
   "source": [
    "# Compute center point:\n",
    "center_point_coords = path_df.iloc[:,1:3].mean().tolist()\n",
    "\n",
    "# Start city:\n",
    "start_point = route_dict_inside_list[0]\n",
    "\n",
    "# Get routes coordinates as a list\n",
    "route_list = []\n",
    "for city in route_dict_inside_list:\n",
    "    route_list.append((city['lon'], city['lat']))\n",
    "\n",
    "# Add last route from end_point to starting point:\n",
    "route_list.append((start_point['lon'], start_point['lat']))"
   ],
   "metadata": {
    "collapsed": false,
    "pycharm": {
     "name": "#%%\n"
    }
   }
  },
  {
   "cell_type": "markdown",
   "source": [
    "### Helper functions for plotting:"
   ],
   "metadata": {
    "collapsed": false,
    "pycharm": {
     "name": "#%% md\n"
    }
   }
  },
  {
   "cell_type": "code",
   "execution_count": 65,
   "outputs": [],
   "source": [
    "# Function for creating icons with numbers:\n",
    "def create_custom_icon(color='blue', number=''):\n",
    "    icon = folium.DivIcon(\n",
    "        icon_size=(150,36),\n",
    "        icon_anchor=(14,40),\n",
    "        #             html='<div style=\"font-size: 18pt; align:center, color : black\">' + '{:02d}'.format(num+1) + '</div>',\n",
    "        html=\"\"\"<span class=\"fa-stack \" style=\"font-size: 12pt\" >>\n",
    "                    <!-- The icon that will wrap the number -->\n",
    "                    <span class=\"fa fa-circle-o fa-stack-2x\" style=\"color : {:s}\"></span>\n",
    "                    <!-- a strong element with the custom content, in this case a number -->\n",
    "                    <strong class=\"fa-stack-1x\">\n",
